0 -89599.0
1 -89433.0
2 -89523.0
3 -89503.0
4 -89601.0
5 -89435.0
6 -89413.0
7 -89657.0
8 -89499.0
9 -89591.0
10 -89569.0
11 -89539.0
12 -89329.0
13 -89581.0
14 -89467.0
15 -89527.0
16 -89431.0
17 -89475.0
18 -89561.0
19 -89395.0
20 -89431.0
21 -89459.0
22 -89419.0
23 -89599.0
24 -89495.0
25 -89393.0
26 -89331.0
27 -89477.0
28 -89419.0
29 -89657.0
30 -89381.0
31 -89495.0
32 -89423.0
33 -89521.0
34 -89505.0
35 -89453.0
36 -89399.0
37 -89339.0
38 -89481.0
39 -89509.0
40 -89479.0
41 -89447.0
42 -89391.0
43 -89613.0
44 -89629.0
45 -89573.0
46 -89595.0
47 -89463.0
48 -89653.0
49 -89405.0
